180
0 300000
1 304969
2 336481
3 330586
4 315996
5 271272
6 236510
7 267956
8 263013
9 269106
10 228528
11 236228
12 272806
13 288848
14 285646
15 280085
16 266959
17 270847
18 269481
19 232255
20 222264
21 227668
22 221911
23 193975
24 180026
25 182478
26 187265
27 175960
28 152538
29 135494
30 162169
31 157442
32 167848
33 161284
34 175547
35 176744
36 173678
37 180157
38 198452
39 203105
40 206638
41 213653
42 197876
43 191204
44 211387
45 220808
46 218985
47 218849
48 261355
49 280938
50 290698
51 281384
52 249027
53 220299
54 229002
55 264485
56 265159
57 256301
58 258377
59 274609
60 245687
61 237465
62 233522
63 222745
64 220487
65 235891
66 241763
67 238086
68 205551
69 203668
70 196828
71 197832
72 191290
73 206380
74 224029
75 258926
76 258099
77 271881
78 288873
79 279605
80 309298
81 316288
82 347441
83 330590
84 347956
85 342321
86 350461
87 352973
88 365299
89 362541
90 370033
91 344185
92 341499
93 367880
94 376093
95 354606
96 366626
97 369960
98 377673
99 385344
100 387045
101 397229
102 403913
103 386525
104 416281
105 420813
106 398464
107 410638
108 402350
109 420273
110 429399
111 456248
112 457831
113 439848
114 420093
115 434468
116 421576
117 420346
118 394684
119 391464
120 399525
121 390345
122 371182
123 361361
124 336219
125 307603
126 326129
127 322059
128 309424
129 305859
130 298026
131 314302
132 308920
133 312715
134 338823
135 345830
136 341349
137 345227
138 357043
139 348079
140 343820
141 346436
142 330401
143 343153
144 327677
145 321175
146 313690
147 311461
148 306931
149 314118
150 341177
151 331806
152 350695
153 355768
154 364068
155 371223
156 376854
157 365840
158 343327
159 318948
160 312843
161 314788
162 320648
163 302674
164 278584
165 247852
166 253060
167 248253
168 273281
169 265201
170 304306
171 291010
172 298798
173 306419
174 326375
175 318740
176 316496
177 304892
178 331046
179 348323
